log(0.500000) = -0.693147
log(1.000000) = 0.000000
log(1.500000) = 0.405465
log(2.000000) = 0.693147
log(2.500000) = 0.916291
log(3.000000) = 1.098612
log(3.500000) = 1.252763
log(4.000000) = 1.386294

pow(0.500000) = 0.250000
pow(1.000000) = 1.000000
pow(1.500000) = 2.250000
pow(2.000000) = 4.000000
pow(2.500000) = 6.250000
pow(3.000000) = 9.000000
pow(3.500000) = 12.250000
pow(4.000000) = 16.000000

sin(0.500000) = 0.479426
sin(1.000000) = 0.841471
sin(1.500000) = 0.997495
sin(2.000000) = 0.909297
sin(2.500000) = 0.598472
sin(3.000000) = 0.141120
sin(3.500000) = -0.350783
sin(4.000000) = -0.756802

cos(0.500000) = 0.877583
cos(1.000000) = 0.540302
cos(1.500000) = 0.070737
cos(2.000000) = -0.416147
cos(2.500000) = -0.801144
cos(3.000000) = -0.989992
cos(3.500000) = -0.936457
cos(4.000000) = -0.653644

