tab1: 
17 	35 	29 	22 	32 	32 	21 	24 	
20 	21 	25 	16 	39 	27 	34 	26 	
15 	22 	27 	12 	29 	27 	42 	11 	
32 	22 	30 	17 	17 	37 	32 	21 	
43 	43 	25 	39 	19 	14 	28 	41 	
10 	36 	11 	28 	16 	33 	39 	13 	
42 	28 	22 	39 	10 	20 	31 	42 	
35 	34 	24 	36 	38 	32 	33 	17 	



tab2: 
17 	17 	37 	22 	30 	13 	43 	41 	
35 	31 	43 	39 	25 	39 	41 	41 	
25 	34 	35 	15 	43 	40 	41 	26 	
31 	22 	28 	33 	34 	16 	19 	11 	
34 	26 	12 	10 	22 	25 	23 	24 	
19 	39 	17 	27 	21 	12 	10 	12 	
12 	31 	23 	39 	17 	28 	18 	31 	
43 	11 	19 	30 	25 	41 	35 	40 	



tab3: 
5901 	5839 	5632 	5623 	5713 	5854 	6047 	5891 	
5561 	5600 	5169 	5387 	5397 	5652 	5739 	5861 	
4548 	5349 	4764 	4976 	4763 	5001 	4960 	5113 	
5159 	5728 	5624 	5620 	5598 	5372 	5903 	5865 	
7081 	6131 	7296 	7175 	6979 	6968 	7894 	7737 	
4771 	5331 	4984 	5675 	4658 	4843 	4744 	4989 	
6351 	5651 	6591 	6742 	6449 	6222 	7055 	6992 	
6528 	6703 	6687 	6685 	6650 	6272 	6950 	6848
